date,real_gni_star,nom_gni_star,real_consumption,real_investment,agg_labor_hours,nom_agg_worker_comp,real_net_EOY_cap_stock,gni_deflator,real_agg_worker_comp,real_wage,real_quarterly_cptl,real_interest_rate
1995Q1,23680,11574,12500,5844,NA,NA,312073.81,0.4887668918918919,NA,NA,312074,NA
1995Q2,23700,11669,12850,5575,NA,NA,NA,0.49236286919831224,NA,NA,310116.14999999997,NA
1995Q3,24716,12210,13168,6397,NA,NA,NA,0.4940119760479042,NA,NA,307938.24624999997,NA
1995Q4,24868,12394,13385,6513,NA,NA,NA,0.4983915071577931,NA,NA,306636.79009374994,NA
1996Q1,25761,12850,13566,6763,NA,NA,322558.98,0.4988160397500097,NA,NA,305483.8703414062,NA
1996Q2,25981,13158,13726,7017,NA,NA,NA,0.5064470189754051,NA,NA,304609.773582871,NA
1996Q3,26345,13567,13981,7093,NA,NA,NA,0.5149743784399317,NA,NA,304011.5292432992,NA
1996Q4,26752,13833,14280,7408,NA,NA,NA,0.5170828349282297,NA,NA,303504.2410122167,NA
1997Q1,27188,14086,14397,7461,NA,NA,336146.31,0.5180962189201118,NA,NA,303324.6349869113,NA
1997Q2,28288,14865,14691,8125,NA,NA,NA,0.5254878393665159,NA,NA,303202.51911223854,NA
1997Q3,28167,14996,14953,7653,NA,NA,NA,0.5323960663187418,NA,NA,303747.4561344326,NA
1997Q4,30487,16395,15606,9438,NA,NA,NA,0.5377701971332043,NA,NA,303806.7697310718,NA
1998Q1,30048,16355,15718,8709,56.7,7754.666,353482.6,0.5442957933972311,14247.154018220728,251.2725576405772,305649.60048779496,0.05169594842120601
1998Q2,30857,17076,16149,9043,58.8,8044.525,NA,0.5533914508863467,14536.771370637152,247.2240029019924,306717.36047560006,0.05320934101694303
1998Q3,31226,17528,16337,9028,59.2,8408.651,NA,0.5613270992121949,14979.94843256504,253.03966946900402,308092.42646371,0.05273109681373025
1998Q4,32424,18331,16571,10026,60,8506.386,NA,0.565352825067851,15046.15458316513,250.76924305275216,309418.1158021173,0.05616298635839588
1999Q1,32869,18683,17223,9664,59.5,8675.163,373103.3,0.5684079223584533,15262.213383664293,256.50778796074445,311708.6629070643,0.056484752307269535
1999Q2,33449,19255,17272,10223,62,9043.345,NA,0.5756524858740172,15709.72977953778,253.3827383796416,313579.9463343877,0.05657016791994042
1999Q3,35370,20955,18181,11111,62,9421.454,NA,0.59245122985581,15902.497159627774,256.4918896714157,315963.447676028,0.061613148557402624
1999Q4,35211,20918,18237,10827,63.5,9709.975,NA,0.5940757149754338,16344.675864088347,257.3964703006039,319175.3614841273,0.05910958805900774
2000Q1,36471,22019,19137,11077,60.9,9725.757,396377.68,0.6037399577746703,16109.182231118579,264.51859164398326,322022.9774470241,0.06323094684208097
2000Q2,37230,22811,19662,11100,64.6,10239.594,NA,0.6127048079505775,16712.116286879136,258.701490508965,325049.40301084844,0.06312235470383584
2000Q3,37308,23279,19658,11070,64.4,10706.72,NA,0.6239680497480433,17159.083713217922,266.4453992735702,328023.1679355772,0.06142528411511246
2000Q4,37903,23935,19916,11012,66,11191.161,NA,0.6314803577553229,17722.10467445164,268.5167374916915,330892.5887371878,0.060989263623480804
2001Q1,38788,24857,20318,11583,62,11215.436,422201.16,0.6408425286170981,17501.079437100212,282.2754747919389,333632.2740187581,0.06380354126562394
2001Q2,39329,25475,20780,11455,65.5,11553.716,NA,0.6477408528058176,17836.941965220805,272.3197246598596,336874.4671682891,0.06379841789565671
2001Q3,38636,25294,20661,10654,65.3,12017.277,NA,0.6546743969355006,18356.112681742707,281.10432897002613,339907.6054890819,0.05966294072495739
2001Q4,39614,26065,21118,10835,67,12143.14,NA,0.6579744534760438,18455.336580088242,275.4527847774364,342063.9153518548,0.06185587684145951
2002Q1,40258,27004,21368,11281,62.7,12191.522,450478.04,0.6707735108549854,18175.3182001185,289.87748325547847,344347.31746805843,0.06412909489829229
2002Q2,40249,27358,21482,11071,65.9,12394.54,NA,0.6797187507764169,18234.806654726224,276.7041980990322,347019.634531357,0.06343788983295859
2002Q3,41267,28366,21982,11570,65.8,12731.998,NA,0.6873773232849493,18522.57496531058,281.4980997767566,349415.14366807305,0.06509284284568813
2002Q4,40963,28328,21959,11259,67.2,12993.952,NA,0.6915509117984523,18789.58118384637,279.6068628548567,352249.7650763712,0.06294800171505073
2003Q1,41383,29056,22261,11166,62.2,13198.47,483162.17,0.7021240606045961,18797.917263560023,302.21731934983956,354702.5209494619,0.06367330763814308
2003Q2,41806,29667,22428,11500,66,13537.796,NA,0.7096349806247907,19077.12608541477,289.0473649305268,357000.9579257253,0.06366614265307942
2003Q3,42600,30302,22509,12190,65.5,13781.855,NA,0.7113145539906103,19375.190515477527,295.80443535080195,359575.9339775822,0.06458944353592481
2003Q4,44259,31727,22777,13646,68.5,14155.884,NA,0.7168485505772837,19747.384560658116,288.2829862869798,362776.53562814265,0.06756670575978778
2004Q1,43090,31308,23207,12487,63,14347.821,513842.47,0.726572290554653,19747.272482752014,313.44876956749226,367353.1222374391,0.0635430219704527
2004Q2,44624,32783,23339,13246,67.4,14739.159,NA,0.7346495159555396,20062.84449916115,297.66831601129303,370656.2941815031,0.06626396445007281
2004Q3,45060,33338,23557,13371,67.9,15050.012,NA,0.7398579671549046,20341.758375427442,299.584070330301,374635.88682696555,0.06597937489098385
2004Q4,45752,34083,23792,13757,70.1,15243.516,NA,0.7449510403916769,20462.44004436229,291.9035669666518,378640.9896562914,0.0667903387284988
2005Q1,46802,34833,24200,14505,66.6,15790.129,549910.15,0.7442630656809538,21215.7901259725,318.5554072968844,382931.96491488407,0.06681659463898412
2005Q2,48552,36465,24837,15593,71.5,16214.705,NA,0.7510504201680672,21589.369454545453,301.94922314049586,387863.66579201195,0.06951574205951272
2005Q3,48961,37167,25653,15016,69.8,16843.627,NA,0.7591143971732603,22188.522655769902,317.8871440654714,393760.0741472116,0.06799185367437965
2005Q4,50306,38244,25826,16160,73.1,17317.824,NA,0.76022740826144,22779.79432444305,311.62509335763406,398932.0722935313,0.06899973100007706
2006Q1,50289,38929,25978,15929,69.2,17841.039,604850.21,0.77410566923184,23047.29148632125,333.0533451780527,405118.770486193,0.06724375787620333
2006Q2,50424,39632,26595,15285,72.6,18079.078,NA,0.7859749325717912,23002.10509366169,316.8334034939627,410919.8012240382,0.06673296060363755
2006Q3,51664,40903,26770,16272,72.3,18202.726,NA,0.7917118302880148,22991.605409480966,318.0028410716593,415931.8061934372,0.06893532584806553
2006Q4,52833,41582,27344,16738,76.2,18707.155,NA,0.7870459750534704,23768.821127290652,311.92678644738385,421805.5110386013,0.0689042179680046
2007Q1,54413,43309,28077,17310,71.6,19218.617,645586.69,0.7959311194016135,24146.08064884897,337.2357632520806,427998.37326263625,0.07071737006948409
2007Q2,53517,42964,28280,16161,75.3,19568.182,NA,0.8028103219537717,24374.60190145238,323.69989244956685,434608.4139310703,0.06705438082744909
2007Q3,53004,42441,28580,15252,73.9,20222.749,NA,0.8007131537242472,25255.92205640772,341.75807924773636,439904.20358279353,0.06307754669675456
2007Q4,53749,42851,28890,15716,77.2,20839.253,NA,0.7972427393998028,26139.156834076217,338.59011443103907,444158.59849322366,0.06216212690599305
2008Q1,55149,43810,29368,16695,70.4,20637.553,685501.65,0.7943933706866851,25979.009595914176,369.0200226692354,448770.6335308931,0.0649997754411392
2008Q2,52662,41714,28673,14777,75.3,20681.167,NA,0.792108161482663,26109.018951766793,346.7333194125736,454246.3676926207,0.058455021188416126
2008Q3,52543,41529,28816,14564,71.5,20379.015,NA,0.7903812115790876,25783.779651448385,360.6123028174599,457667.2085003052,0.05846872979219303
2008Q4,50197,39411,28684,12232,71.9,20014.825,NA,0.7851266011913063,25492.48104653523,354.55467380438427,460789.5282877975,0.05361345568173361
2009Q1,49202,36933,27997,11475,65.6,19453.897,716409,0.750640217877322,25916.40647101508,395.0671718142543,461501.7900806026,0.05045612829566279
2009Q2,47749,35436,27790,10939,66.2,18667.755,NA,0.7421307252507906,25154.267792499155,379.97383372355216,461439.2453285875,0.048965779214144
2009Q3,46807,34493,27609,10133,64.1,18346.095,NA,0.7369196914991347,24895.650383121214,388.3876814839503,460842.26419537276,0.047546311003258006
2009Q4,45963,33747,27679,9122,61.5,17990.465,NA,0.7342210038509236,24502.792627344654,398.4193923145472,459454.2075904884,0.046708044062103424
2010Q1,45246,32839,27828,8306,63.3,17613.172,738394.81,0.7257879149538081,24267.656759097412,383.375304251144,457089.85240072623,0.04589544731899031
2010Q2,45626,33024,27963,8989,63.5,17526.371,NA,0.7237978345680095,24214.456251392923,381.3300197069752,453968.60609070805,0.04716525209306832
2010Q3,44937,32395,28148,8119,60.9,17382.748,NA,0.7208981462937001,24112.626852168545,395.93804354956563,451608.39093844034,0.04611157269367492
2010Q4,44599,32473,27894,7649,58.6,17199.45,NA,0.7281104957510258,23622.032782619408,403.1063614781469,448437.1811649793,0.04677793924867082
2011Q1,44455,32311,27809,7318,61.6,17727.615,750293.64,0.7268248790912158,24390.490075361333,395.9495142104112,444875.25163585483,0.04510142978477511
2011Q2,44324,32423,27634,7262,61.8,17882.918,NA,0.7314998646331559,24446.91908312001,395.581214937217,441071.37034495844,0.045065452562324054
2011Q3,42988,31630,27163,6390,59.4,17829.129,NA,0.7357867311807946,24231.381519190643,407.9357158112903,437306.5860863345,0.04289123255305001
2011Q4,43694,32060,27454,7296,59.3,18033.865,NA,0.7337391861582826,24578.03173144105,414.46933779833137,432763.9214341761,0.04417181590648497
2012Q1,43927,32525,27035,8115,60.5,17950.895,757725.92,0.7404329910988686,24243.780619984627,400.72364661131616,429240.8233983217,0.045855888599277
2012Q2,43430,32028,27208,7264,60.4,17861.723,NA,0.737462583467649,24220.51423410766,401.0018912931732,426624.80281336367,0.04502665020696405
2012Q3,44172,32769,27594,7785,59.5,18177.887,NA,0.7418500407497962,24503.45218236748,411.8227257540753,423223.18274302955,0.04647322882965692
2012Q4,43985,32639,27539,7811,60.1,18245.698,NA,0.7420484255996362,24588.2847676093,409.12287466903996,420427.6031744538,0.04613568444587154
2013Q1,43692,32285,27127,8123,61,18040.098,772428.15,0.7389224572004028,24414.061075298127,400.23050943111684,417727.9130950924,0.04614951101032457
2013Q2,43851,32730,27143,8281,63,18217.768,NA,0.7463911883423411,24407.801545004582,387.4254213492791,415407.7152677151,0.04680509711396426
2013Q3,45427,34024,27353,9611,62.6,18348.846,NA,0.7489818830211108,24498.38429467435,391.34799192770527,413303.5223860222,0.05063739980850802
2013Q4,46025,34532,27554,9993,63.3,18798.934,NA,0.750287887017925,25055.627746727674,395.82350310786217,412581.93432637164,0.0508247465743
2014Q1,45502,34316,27453,9495,63.5,18839.352,826195.38,0.7541646521032043,24980.422971908145,393.39248774658495,412260.38596821233,0.04977819292507572
2014Q2,46241,34992,27829,9656,64.6,18869.061,NA,0.7567310395536428,24934.96369744513,385.9901501152497,411448.876319007,0.051782949301423645
2014Q3,47041,35657,27941,10552,64.3,18898.98,NA,0.757998341871984,24932.745833356705,387.7565448422505,410818.6544110318,0.053815117520256445
2014Q4,47331,36326,28441,10388,65.9,19585.685,NA,0.7674885381673745,25519.188920745473,387.2411065363501,411100.188050756,0.05305716638728844
2015Q1,48417,36886,28130,11708,65.6,19978.599,863375.58,0.7618398496395894,26224.145415143954,399.75831425524325,411210.6833494871,0.05396954768802635
2015Q2,48760,37352,28572,11665,67.5,20054.943,NA,0.7660377358490567,26180.098004926105,387.85330377668305,412638.4162657499,0.05472079453826677
2015Q3,49039,37831,28948,11544,66.7,20333.813,NA,0.7714472154815555,26358.009455393723,395.17255555312926,413987.45585910615,0.054786661343491
2015Q4,48423,37874,29071,10490,66.1,20638.188,NA,0.7821489787910704,26386.517862491415,399.19089050667804,415181.76946262846,0.053076709427850116
2016Q1,49887,38790,29778,11122,68.9,21039.62,1077023.42,0.7775572794515605,27058.61105800464,392.7229471408511,415292.22522606276,0.054969458986545705
2016Q2,50541,39222,29563,12114,71.3,21358.629,NA,0.7760432124413842,27522.473823083987,386.0094505341373,416031.91959541116,0.055328750253830064
2016Q3,51246,39951,29675,12674,69.8,21841.283,NA,0.7795925535651563,28016.279658031086,401.37936472823907,417745.1216055259,0.055607400638671235
2016Q4,51967,40564,30239,12595,69.7,22083.796,NA,0.7805722862585872,28291.801270387532,405.9081961318154,419975.49356538773,0.05637281006237184
2017Q1,52324,41075,30510,12686,72.6,22707.244,1119299.77,0.7850126137145478,28925.960683043213,398.4292105102371,422071.10622625303,0.055436249892012665
2017Q2,52799,41675,30438,13252,72.3,22904.451,NA,0.7893141915566583,29018.166966982604,401.3577727106861,424205.3285705967,0.05605972257149468
2017Q3,53156,42039,31040,12761,73.6,23206.263,NA,0.7908608623673715,29343.04136701634,398.68262726924377,426852.19535633177,0.05578736361682491
2017Q4,54022,43301,31342,13231,73.7,23583.937,NA,0.8015438154825811,29423.14137350177,399.2285125305532,428941.89047242346,0.057347764750618785
2018Q1,55439,44598,32112,13920,74.2,23867.278,1165531.97,0.8044517397499955,29668.99917130813,399.85174085320926,431449.3432106129,0.05972891426123273
2018Q2,56624,45536,32530,14436,77.8,24456.22,NA,0.8041819723085617,30411.30097680956,390.8907580566782,434583.1096303476,0.06031688402590409
2018Q3,56264,45533,32751,13612,75.4,24860.576,NA,0.8092741362149865,30719.597831550745,407.421721903856,438154.53188958886,0.05829998393098036
2018Q4,56244,46030,33109,13413,76.2,25195.64,NA,0.8183984069411848,30786.521315663696,404.02258944440547,440812.66859234916,0.05775124105582057
2019Q1,56716,46408,33088,13453,78.3,26070.611,1194698.48,0.8182523450172791,31861.33368117566,406.9135846893443,443205.3518775404,0.056079346094385155
2019Q2,56635,46689,33530,12784,79,26498.205,NA,0.8243842147082193,32143.028126003985,406.8737737468859,445578.2180806019,0.054966717133299356
2019Q3,58127,48030,33569,14040,77.6,26482.051,NA,0.8262941490185284,32049.181313283363,413.0049138309712,447222.76262858685,0.05831058001932239
2019Q4,57778,48575,33993,13545,78.2,27409.388,NA,0.8407179203156911,32602.359647225938,416.90996991337516,450082.1935628722,0.05593565067189726
2020Q1,54639,46034,31339,12737,77,27708.57,1296682.23,0.8425117589999817,32888.05135834384,427.1175501083615,452375.13872380037,0.048081662274849946
2020Q2,49621,40651,27456,10178,61.6,24190.701,NA,0.819229761592874,29528.591530860253,479.36025212435476,453802.76025570533,0.044275641818084646
2020Q3,56182,46763,31376,12936,73.5,25973.249,NA,0.8323484390018155,31204.77889181618,424.5548148546419,452635.6912493127,0.0551817313372805
2020Q4,55375,46838,31129,12148,71.7,28079.389,NA,0.8458329571106095,33197.321958132285,463.00309565038054,454255.7989680799,0.048822003136224396
2021Q1,54928,46259,30173,12238,69.9,27369.285,1350951.76,0.8421752111855519,32498.326519812363,464.92598740790214,455047.4039938779,0.04929085032312239
2021Q2,57650,49138,32389,12802,77.1,28731.482,NA,0.8523503902862098,33708.53386991737,437.2053679626119,455909.2188940309,0.05251366969099928
2021Q3,59371,51960,34471,12708,78.7,30031.138,NA,0.8751747486146435,34314.447540377216,436.01585184723274,457313.4884216801,0.05479075753068235
2021Q4,60966,54160,34926,13628,79.2,31238.073,NA,0.888364006167372,35163.595984453474,443.98479778350344,458588.6512111381,0.05626481149806492
2022Q1,61300,55632,35258,13676,82.8,31148.412,1333971.91,0.9075367047308319,34321.9308239862,414.5160727534565,460751.93493085966,0.058552264528334806
2022Q2,64333,59414,36199,15563,84.8,31848.814,NA,0.9235384639298649,34485.63892452957,406.67027033643365,462909.1365575882,0.06447779643631482
2022Q3,64415,59966,37187,14222,82,32404.29,NA,0.9309322362803695,34808.430449754866,424.4930542653032,466899.40814364847,0.06341102394616066
2022Q4,63154,60977,37722,12686,82.2,33328.156,NA,0.9655287076036355,34518.03735874182,419.9274617851803,469448.92294005724,0.06099910180199654
2023Q1,67723,65694,38384,16495,85.6,35195.034,1314141.99,0.9700397206266704,36282.05448872043,423.8557767373882,470398.6998665558,0.06683892944474301
2023Q2,67027,66682,38474,15493,85.6,35422.082,NA,0.9948528205051695,35605.349122911735,415.95034022093154,475133.7323698919,0.06613222496403705
2023Q3,66349,67079,38064,15066,83.5,35490.036,NA,1.0110024265625706,35103.80892028802,420.4048972489583,478748.3890606446,0.06526432630095816
2023Q4,67871,69514,38889,14933,82.5,36566.158,NA,1.0242076881142166,35701.89759786519,432.7502739135174,481845.6793341285,0.06676225144654174
2024Q1,68127,69612,39142,15459,85.4,37826.315,1314843.31,1.0217975252102691,37019.38404305292,433.48224874769227,484732.53735077527,0.06417480478401667
2024Q2,67972,70424,39430,14575,87.3,38084.612,NA,1.036073677396575,36758.59432670681,421.0606452085545,488073.2239170059,0.06395230089204987
2024Q3,68715,71332,39629,15049,85.9,38087.242,NA,1.0380848431928982,36689.91243803623,427.12354409820983,490446.3933190807,0.06529783478523513
2024Q4,68660,72316,40196,14061,85.6,39317.78,NA,1.05324788814448,37330.03449858952,436.0985338620271,493234.23348610365,0.06351944649091995
2025Q1,70384,73291,40311,15941,86.5,40638.801,1272860.14,1.0413020004546487,39026.911484138574,451.17816744668875,494964.377648951,0.06335221266792083
2025Q2,70704,74553,40661,15626,88.9,40542.222,NA,1.05443822131704,38449.120280713054,432.49854084041675,498531.26820772723,0.06469981278254955
2025Q3,72356,76494,40719,16919,86.5,40606.138,NA,1.0571894521532423,38409.518669804165,444.04067826363195,501693.98650253407,0.0676637198042723
